014720
033936
032192
006197
005149
004226
039290
068998
053599
098992
048251
022668
054492
007865
061319
005990
014845
041714
031359
042401
099752
027790
021055
035062
061622
024545
095509
086075
021576
025968
083512
005880
078420
006963
057883
072232
034165
095688
055857
060939
073518
083336
069284
088556
024808
047379
008427
065594
058654
052497
086549
030114
014008
040280
050628
088116
079085
080236
043742
093802
054098
050134
058253
005449
078136
078622
072499
076705
026113
055169
044139
004607
032889
003744
071552
012240
055476
091658
048203
081904
060286
077931
070378
079473
081824
040457
000224
034024
051399
006523
032323
050944
076907
093609
099621
064408
073401
004758
027787
007732
090716
069885
006217
028893
072958
051780
056392
016807
078498
087413
094878
067521
079883
055847
075445
045339
045282
005810
076445
070496
008719
033210
090215
068670
004187
054074
029490
039028
083389
022790
080175
058543
025545
033846
028877
022481
057738
031494
057654
061941
038959
071446
007807
047154
068486
019706
081241
074603
067942
027030
058474
072342
068312
023137
074615
008805
008200
086849
039217
060328
044505
079025
072704
068292
057642
088086
066368
080307
066721
039372
047166
019071
041697
029475
036729
034734
043097
054804
057136
002056
020533
082612
085838
023498
006064
027744
060033
037452
090757
011062
005511
069782
052975
005719
067845
043026
075397
005140
022791
095173
044582
026555
082701
089748
005018
038250
003314
094467
092019
090950
028292
089501
053898
022093
036032
027736
088171
042875
058267
026504
015677
031675
050030
086520
050678
089437
018651
057796
088135
075472
096585
059208
069568
018286
079967
084914
038089
045843
036235
042869
061939
062681
028629
092987
082116
099308
029963
029258
071348
024659
014736
033147
016835
064840
047030
049532
093843
040115
029309
077227
073951
053434
007673
034700
017725
060936
084049
098388
091698
095362
014332
071631
076580
039418
030571
055695
021700
090502
061854
096192
063249
058120
071239
093257
054587
078040
040286
068002
057320
096684
047189
099112
073612
043140
014858
090895
095461
012480
042523
032440
005162
074022
038256
053123
065384
051609
099677
050923
042783
019350
086225
090463
076765
000156
085714
032972
082470
096305
011941
069431
078222
012548
048546
026694
016831
094323
029577
069953
036836
079178
003420
012206
060091
094189
062037
076351
051504
093260
035588
045210
033374
062686
077241
034580
035609
032429
062680
056023
043110
032200
064519
049455
053779
072048
054173
030347
037265
039965
096728
039115
047588
077009
055014
080060
020240
075776
052248
042020
078860
073105
033977
033085
059647
037220
078604
008268
086623
068077
024149
049167
072115
096643
049157
087638
043457
049311
066040
034735
026831
081090
063312
014262
089453
020107
022259
047037
068407
023072
007483
010059
035744
090237
080303
001854
047063
026370
069226
042302
045516
086190
033339
096521
091564
045322
048285
041382
027701
082159
085778
092615
066099
061757
070635
006340
057148
022975
034892
071842
095886
037795
085732
052435
077930
055156
077909
085639
021242
039198
056730
045663
046813
031667
075680
028044
042089
034472
062421
013314
065100
038881
051561
031565
018808
045348
034120
093048
007323
067770
018385
014631
075810
053534
065874
012313
047714
026415
059892
029651
082491
055451
093964
030769
094909
099802
063836
050016
015755
047241
050299
034928
014228
008465
061791
006227
027909
020615
070660
038832
014346
004332
090596
027514
062377
059145
097168
043981
078193
061638
008223
030708
062343
096524
016447
069275
098175
009490
039041
006507
092179
074766
069579
038514
075863
020079
049484
035144
077425
061470
066256
001028
084117
093073
001120
017721
034590
065351
073256
026417
012606
009966
017655
005204
027215
009430
039923
092641
010777
004533
061143
038974
022340
081031
006916
040723
069649
014564
004022
070818
097183
076493
010234
053317
041250
074189
049100
032284
052298
004994
053525
052101
092524
042866
042697
011741
000729
074236
077803
094614
009212
024418
002913
057397
010942
071962
041479
093507
059860
059001
059515
097806
020258
095345
039147
087197
013544
039882
085840
016663
003981
039341
017946
060542
055408
035318
054919
047680
079754
089943
064622
080168
098458
089071
082540
002902
000176
044714
049158
082492
023352
006041
038945
020530
065706
022327
075568
085255
040506
024752
060902
026643
091318
029993
066801
040361
057690
085227
088513
031428
032548
032017
063185
066031
013362
047112
022513
026817
009751
093437
022159
050103
053220
094773
086578
018946
031497
074406
058522
097652
010769
009363
074600
040133
038774
019762
090056
075823
052438
011220
001095
034517
003521
034098
047578
008205
084457
002849
086281
090235
097079
081074
043467
073274
010181
077940
024865
046251
065849
003960
008395
046767
084144
054010
082280
062930
097545
050251
080039
022168
032593
088057
035090
087271
043342
002345
027237
033929
031210
097617
059583
095681
093339
062463
067911
019246
001551
021228
024318
018962
034305
013081
003157
050491
071212
053857
021214
085078
096847
066174
034168
040989
068921
086663
005120
069114
008552
035315
076092
054992
050529
084081
033202
025899
085082
042893
042768
011211
060065
071417
060779
039027
064781
060265
074883
052236
003998
078426
093270
023631
021167
018448
077313
020156
049638
019175
095388
026932
045802
014896
042752
091552
067111
015746
009903
085643
070228
029837
073712
088637
093760
055199
060412
050313
010688
092216
047120
016452
018364
054017
064639
090139
067903
084627
044272
032551
020953
015414
066161
094459
004021
055985
072368
096543
009259
055592
015882
037422
085046
069751
083925
067880
003530
075828
032648
014625
022006
002988
026048
029269
002397
038005
082333
047705
033176
073387
046219
063150
099648
077875
055075
005479
093581
072518
061834
059804
024591
026154
004269
017332
036331
033141
094758
010630
099512
054021
055846
076249
087276
008532
007656
076718
067108
076384
091573
085210
043790
018612
027527
052631
025891
044452
073656
033996
064103
017963
011008
011986
046479
012521
099451
048492
079945
024661
097969
061384
058320
087249
091923
053890
087618
077443
066098
087603
060937
053349
030303
039086
016326
080741
069049
050211
004424
051840
020983
077439
079260
009849
040742
062532
014594
046504
050180
057784
026434
071083
001083
082871
095268
072297
043027
043692
